2.20735245072e-2   8.91272042407e-1
2.32638779255e-2   5.6491704077e-1
2.45184232339e-2   1.13450357228
2.58406220925e-2   6.158735466e-1
2.72341228372e-2   1.12623569373
2.87027705469e-2   7.65158132886e-1
3.02506176533e-2   9.92394687757e-1
3.18819351222e-2   7.86613689519e-1
3.3601224239e-2    8.34491704785e-1
3.54132290286e-2   3.88563217958e-1
3.7322949346e-2    1.38931939925
3.93356546718e-2   9.89397032622e-1
4.14568986528e-2   4.73861575425e-1
4.36925344257e-2   5.63846847582e-1
4.60487307681e-2   2.60889040812e-1
4.85319891196e-2   8.22686007402e-1
5.11491615211e-2   5.21843847667e-1
5.39074695222e-2   4.98469468216e-1
5.68145241068e-2   1.692412632e-1
5.98783466947e-2   2.27343851701e-1
6.31073912746e-2   2.52271623937e-1
6.65105677315e-2   4.06657568141e-1
7.00972664314e-2   2.20027338668e-1
7.38773841322e-2   2.38757736839e-1
7.7861351292e-2    8.26906434087e-2
8.20601608492e-2   1.63450250009e-1
8.64853985561e-2   2.12746867707e-1
9.11492749466e-2   1.68858256728e-1
9.60646590291e-2   2.65074069862e-1
1.01245113796e-1   1.45133800061e-1
1.06704933647e-1   1.10418430081e-1
1.12459183834e-1   8.53665276988e-2
1.18523742027e-1   1.69415708161e-1
1.24915342128e-1   1.22285775545e-1
1.31651620444e-1   1.6142896074e-1
1.38751164351e-1   1.32653782038e-1
1.46233563581e-1   1.09666425269e-1
1.54119464277e-1   1.57551176386e-1
1.62430625962e-1   3.66863455876e-1
1.71189981577e-1   1.30983807278e-1
1.80421700766e-1   1.25294152304e-1
1.90151256559e-1   2.28987421817e-1
2.00405495666e-1   1.00155711587e-1
2.11212712553e-1   1.22263265911e-1
2.22602727514e-1   1.83934712558e-1
2.34606968954e-1   2.82159681348e-1
2.47258560111e-1   1.17284443052e-1
2.6059241045e-1    8.9234924007e-2
2.74645311991e-1   2.06987004173e-1
2.89456040827e-1   6.46183804264e-2
3.05065464122e-1   1.62834074393e-1
3.21516652871e-1   1.23329992423e-1
3.38855000749e-1   6.22184130917e-2
3.57128349362e-1   1.33444533168e-1
3.76387120262e-1   1.03212982571e-1
3.96684454068e-1   1.04645283323e-1
4.18076357103e-1   1.02034438859e-1
4.40621855925e-1   8.66279309883e-2
4.64383160207e-1   1.40694496579e-1
4.89425834383e-1   1.42902136302e-1
5.15818978566e-1   1.04406531669e-1
5.43635419215e-1   1.31055288351e-1
5.7295191008e-1    8.06099431874e-2
6.03849343992e-1   9.29434598151e-2
6.36412976072e-1   9.51199579346e-2
6.7073265897e-1    5.86069672681e-2
7.06903090797e-1   6.77703565355e-2
7.45024076426e-1   1.1580972714e-1
7.85200802884e-1   5.78696368834e-2
8.2754412959e-1    7.11457716424e-2
8.72170894253e-1   6.59180893564e-2
9.19204235257e-1   5.8236609874e-2
9.68773931442e-1   6.8806395301e-2
1.0210167602       5.07370200947e-2
1.07607687487      4.76095676072e-2
1.13410620254      5.26550259273e-2
1.1952648632       4.57823929722e-2
1.25972161161      4.23412387406e-2
1.32765430292      4.0981670689e-2
1.39925038343      4.48710153666e-2
1.47470740781      2.28080586834e-2
1.55423358422      2.55388697717e-2
1.63804834879      2.85778064046e-2
1.72638297114      2.84884126342e-2
1.81948119251      2.42198329852e-2
1.91759989831      1.84937495622e-2
2.02100982694      2.03232730554e-2
2.12999631684      1.7722488485e-2
2.24486009385      1.85926564044e-2
2.36591810094      1.48531267008e-2
2.49350437281      1.37912754252e-2
2.62797095755      1.13457377425e-2
2.76968888807      1.11352109956e-2
2.91904920588      8.56583645275e-3
3.07646404007      9.54501840857e-3
3.24236774454      6.90178766229e-3
3.41721809645      7.53244815065e-3
3.60149755943      6.97240300594e-3
3.79571461477      8.45182351465e-3
4.00040516454      6.93277841978e-3
4.21613401022      5.35227861002e-3
4.44349641125      5.15343439786e-3
4.68311972743      3.75331749903e-3
4.93566515008      4.63206488568e-3
5.20182952636      3.1760674708e-3
5.4823472822       2.91449381235e-3
5.77799244868      2.9717459127e-3
6.08958079787      2.21677827099e-3
6.41797209381      2.44384895213e-3
6.76407246477      1.95358057881e-3
7.12883690361      1.81367538041e-3
7.51327190283      1.62034485729e-3
7.9184382318       1.80629724542e-3
8.34545386375      1.20209715522e-3
8.79549706055      1.2734215115e-3
9.26980962392      1.3982917822e-3
9.76970032191      1.3477471276e-3
1.02965485001e1    1.11288324219e-3
1.08518078879e1    9.53033132228e-4
1.14370106094e1    8.12807000126e-4
1.20537714112e1    7.42321756468e-4
1.27037921181e1    6.71694491934e-4
1.33888663285e1    4.37828020906e-4
1.4110884364e1     7.10150472826e-4
1.48718384849e1    3.88724346588e-4
1.56738283879e1    3.31530699854e-4
1.65190669991e1    3.82981878077e-4
1.74098865808e1    3.11739571032e-4
1.83487451667e1    3.20521599303e-4
1.9338233344e1     2.30164647166e-4
2.03810814019e1    2.73034420531e-4
2.14801668655e1    2.66447360847e-4
2.26385224351e1    2.18770812928e-4
2.38593443549e1    2.04951426205e-4
2.51460012321e1    1.46415596774e-4
2.65020433319e1    1.437320479e-4
2.79312123739e1    1.43533624717e-4
2.94374518562e1    1.09587270611e-4
3.10249179372e1    1.16355518002e-4
3.26979909032e1    9.62331213421e-5
3.44612872554e1    7.79834417386e-5
3.63196724476e1    9.36932530301e-5
3.82782743118e1    6.79724945767e-5
4.03424972073e1    6.24917212133e-5
4.25180369331e1    6.26077268236e-5
4.48108964439e1    4.58481465989e-5
4.72274024143e1    4.80370229705e-5
4.97742226959e1    4.3017134856e-5
5.24583847158e1    4.1856122671e-5
5.52872948676e1    3.20703259774e-5
5.82687589475e1    2.86208878531e-5
6.14110036928e1    2.73815349515e-5
6.47226994822e1    2.37697681375e-5
6.82129842595e1    2.09092973248e-5
7.18914887484e1    2.26704117641e-5
7.5768363026e1     1.81566124427e-5
7.98543045302e1    1.90097898497e-5
8.41605875767e1    1.48732990773e-5
8.86990944688e1    1.06511548753e-5
9.34823482834e1    1.12082183885e-5
9.85235474264e1    1.116762344e-5
1.03836602051e2    1.15943048709e-5
1.09436172439e2    7.90244725951e-6
1.15337709455e2    8.42525130539e-6
1.21557497177e2    6.46045944288e-6
1.28112697831e2    6.87500275367e-6
1.35021399146e2    4.59566039281e-6
1.42302664263e2    5.70485354719e-6
1.49976584338e2    4.94835214266e-6
1.58064333976e2    4.62988664651e-6
1.66588229659e2    3.88585570339e-6
1.75571791326e2    3.8935428483e-6
1.8503980727e2     3.89634654629e-6
1.95018402533e2    2.83152041414e-6
2.05535111001e2    2.7108837261e-6
2.16618951367e2    2.34189652157e-6
2.28300507212e2    2.02605386986e-6
2.40612011388e2    2.61018121679e-6
2.53587434962e2    1.62861787024e-6
2.67262580947e2    1.732892252e-6
2.81675183099e2    1.58481245411e-6
2.96865010031e2    1.23372222564e-6
3.1287397495e2     1.10326843214e-6
3.29746251303e2    1.02588898446e-6
3.4752839467e2     8.89590430626e-7
3.66269471222e2    1.00064554473e-6
3.86021193107e2    8.1598330993e-7
4.06838061142e2    7.3917583556e-7
4.28777515198e2    6.35036326449e-7
4.51900092689e2    5.66343823816e-7
4.76269595614e2    4.53088738843e-7
5.01953266611e2    5.173995255e-7
5.29021974489e2    3.57102451238e-7
5.57550409787e2    3.39506597422e-7
5.87617290857e2    3.11156210158e-7
6.1930558108e2     3.50067755339e-7
6.52702717779e2    2.74894763239e-7
6.87900853491e2    2.82088864841e-7
7.24997110237e2    2.64265783063e-7
7.64093847513e2    2.15186579933e-7
8.05298944732e2    2.04199231248e-7
8.48726098891e2    1.70967520382e-7
8.94495138298e2    1.76660078709e-7
9.4273235321e2     1.25030891941e-7
9.93570844309e2    1.23119179263e-7
1.04715088996e3    1.49531642533e-7
1.1036203333e3     1.11746222302e-7
1.16313499014e3    1.16591770699e-7
1.22585907894e3    8.36969390778e-8
1.29196567395e3    7.35578245697e-8
1.36163718272e3    6.09186548327e-8
1.43506584946e3    6.69019250032e-8
1.5124542855e3     7.04463499665e-8
1.59401602831e3    5.74493341085e-8
1.67997613076e3    6.92346961083e-8
1.77057178209e3    4.67899004528e-8
1.86605296238e3    4.89786637761e-8
1.96668313233e3    4.61153707525e-8
2.07273996021e3    4.33647813847e-8
2.18451608803e3    4.17242414892e-8
2.30231993906e3    4.26285071268e-8
2.42647656881e3    3.20344062784e-8
2.55732856198e3    3.24734380149e-8
2.69523697776e3    2.5331582823e-8
2.84058234608e3    2.41276344494e-8
2.99376571761e3    2.09821205938e-8
3.15520977039e3    1.78340570702e-8
3.3253599761e3     1.98390573746e-8
3.50468582926e3    1.64588405312e-8
3.69368214272e3    1.77761376928e-8
3.89287041296e3    1.21784338725e-8
4.10280025908e3    1.53306063014e-8
4.32405093934e3    1.08595145691e-8
4.55723294953e3    1.40612566385e-8
4.80298970748e3    1.21368922628e-8
5.06199932846e3    8.33106312628e-9
5.33497649629e3    7.56451973624e-9
5.62267443537e3    7.75457209765e-9
5.92588698903e3    6.60322289481e-9
6.24545081e3       5.62686175088e-9
6.58224766898e3    5.56188745677e-9
6.93720688767e3    5.77793972308e-9
7.31130790309e3    5.58207821182e-9
7.70558297012e3    5.11153690763e-9
8.12112000978e3    4.06025084136e-9
8.55906561112e3    4.36318935658e-9
9.02062819503e3    4.66222421884e-9
9.50708134861e3    4.52469633268e-9
1.00197673394e4    2.80905591984e-9
1.05601008189e4    2.79940474186e-9
1.11295727265e4    2.24233794073e-9
1.17297544027e4    1.80866993335e-9
1.23623019256e4    1.8658996068e-9
1.30289606801e4    2.28728264083e-9
1.3731570174e4     1.31586649802e-9
1.44720691138e4    1.90822544506e-9
1.52525007541e4    1.58313891764e-9
1.60750185358e4    1.2501514406e-9
1.69418920274e4    1.71571900957e-9
1.78555131884e4    1.44413293983e-9
1.88184029685e4    1.28974493529e-9
1.98332182643e4    1.05368123881e-9
2.09027592499e4    1.23556501975e-9
2.20299771038e4    1.17717585006e-9
2.32179821522e4    9.50564955387e-10
2.44700524508e4    9.9023259909e-10
2.57896428303e4    7.42793830097e-10
2.71803944291e4    5.64364799961e-10
2.86461447405e4    6.96805121124e-10
3.01909382012e4    6.53622102343e-10
3.18190373512e4    6.39272444461e-10
3.35349345957e4    3.90728169452e-10
3.53433646004e4    5.48784289516e-10
3.72493173563e4    4.69388269755e-10
3.92580519483e4    3.90273926656e-10
4.13751110666e4    3.87192132258e-10
4.36063363009e4    3.32539637834e-10
4.59578842587e4    2.69140673638e-10
4.84362435532e4    2.95424207227e-10
5.10482527076e4    2.37834664448e-10
5.38011190244e4    2.33502824673e-10
5.67024384724e4    2.2991027995e-10
5.97602166464e4    2.07902772482e-10
6.29828908568e4    2.4757510177e-10
6.63793534109e4    1.86474130855e-10
6.99589761491e4    1.72226178976e-10
7.37316363046e4    1.55349870587e-10
7.77077437578e4    1.57624754478e-10
8.18982697601e4    1.23277051973e-10
8.63147772068e4    1.22636892793e-10
9.09694525426e4    1.07783575875e-10
9.58751393875e4    1.03135773417e-10
1.01045373976e5    7.73543939471e-11
1.06494422508e5    1.17324346673e-10
1.12237320514e5    7.89543489718e-11
1.18289914339e5    8.93866093477e-11
1.24668904873e5    8.58077581114e-11
1.31391893629e5    6.64696768703e-11
1.38477431313e5    5.55343783531e-11
1.4594506901e5     7.09551786793e-11
1.53815412132e5    3.94896105169e-11
1.62110177273e5    4.82290332224e-11
1.70852252133e5    6.23536093655e-11
1.8006575867e5     4.66054605734e-11
1.89776119663e5    4.59080379983e-11
2.00010128857e5    3.79641391434e-11
2.10796024897e5    2.71864188991e-11
2.22163569247e5    2.92875162721e-11
2.3414412831e5     2.44103732797e-11
2.46770759975e5    2.39647811448e-11
2.60078304839e5    2.06227124261e-11
2.74103482335e5    1.5745171918e-11
2.8888499206e5     2.12145109202e-11
3.04463620551e5    1.65368357502e-11
3.20882353833e5    1.44098075966e-11
3.38186496025e5    1.44230865494e-11
3.56423794352e5    1.60978570705e-11
3.75644570891e5    1.26279981522e-11
3.95901861424e5    1.41893372723e-11
4.17251561781e5    1.4040391418e-11
4.39752582073e5    1.11675644315e-11
4.63467009241e5    8.94739039575e-12
4.88460278374e5    1.0637808904e-11
5.14801353261e5    6.97452089886e-12
5.42562916685e5    8.96638986227e-12
5.71821570975e5    7.23084776391e-12
6.02658049374e5    7.08480126794e-12
6.35157438808e5    7.13065268693e-12
6.69409414663e5    6.12326905983e-12
7.05508488226e5    5.10786768767e-12
7.43554267472e5    5.3260563786e-12
7.83651731912e5    3.82938392684e-12
8.25911522256e5    4.44078742086e-12
8.70450245712e5    3.72695731372e-12
9.17390797734e5    3.70626821805e-12
9.66862701129e5    3.98771265894e-12
1.01900246345e6    2.51447510038e-12
1.07395395365e6    3.63524759083e-12
1.13186879907e6    2.69839894223e-12
1.19290680383e6    2.7403967438e-12
1.25723638977e6    2.36256212371e-12
1.32503506114e6    2.38997459686e-12
1.39648989446e6    1.8226970052e-12
1.47179805465e6    1.79349566067e-12
1.5511673391e6     1.80712649261e-12
1.63481675104e6    1.69022829245e-12
1.72297710383e6    1.53223989449e-12
1.81589165785e6    1.2179670303e-12
1.91381679171e6    1.51457652313e-12
2.0170227097e6     1.12814600302e-12
2.12579418733e6    8.72441334046e-13
2.24043135715e6    9.8327244661e-13
2.36125053687e6    9.66388312433e-13
2.48858510218e6    8.86449908705e-13
2.62278640665e6    7.18499416559e-13
2.7642247512e6     6.48716346202e-13
2.91329040587e6    6.35940660881e-13
3.0703946867e6     6.10549832447e-13
3.23597109067e6    5.06519772182e-13
3.41047649183e6    6.51121458066e-13
3.59439240199e6    5.78198399143e-13
3.78822629929e6    5.16644318452e-13
3.99251302854e6    4.40207372509e-13
4.20781627699e6    3.51514005037e-13
4.4347301297e6     3.76438432414e-13
4.67388070882e6    2.92454018396e-13
4.92592790123e6    3.40484354205e-13
5.19156717934e6    2.61050975944e-13
5.47153152016e6    2.51281027392e-13
5.76659342775e6    2.05106514793e-13
6.07756706481e6    2.11633447438e-13
6.40531049917e6    2.89185661844e-13
6.7507280715e6     1.83978217074e-13
7.11477289059e6    1.6724124053e-13
7.4984494633e6     1.57364325463e-13
7.9028164663e6     1.80163227245e-13
8.32898966722e6    1.45241134423e-13
8.77814500343e6    1.10156589275e-13
9.25152182677e6    1.19311213313e-13
9.7504263233e6     1.01336691625e-13
1.02762351175e7    9.23950367783e-14
1.08303990705e7    1.1166684402e-13
1.14144472841e7    6.20000509768e-14
1.20299913191e7    8.0968272968e-14
1.26787296429e7    5.52777020431e-14
1.33624523155e7    5.41827064577e-14
1.40830459292e7    6.43832544109e-14
1.48424988138e7    5.76657161704e-14
1.56429065237e7    4.72762128827e-14
1.64864776193e7    3.97031293675e-14
1.73755397617e7    4.76790896029e-14
1.83125461353e7    3.86072571326e-14
1.93000822165e7    4.66361050256e-14
2.03408729082e7    3.28018611526e-14
2.14377900584e7    3.41688677953e-14
2.25938603845e7    2.81040400888e-14
2.38122738252e7    3.05811157294e-14
2.50963923417e7    2.60500678881e-14
2.64497591953e7    2.28560860144e-14
2.78761087237e7    2.14308945924e-14
2.93793766453e7    2.24635001344e-14
3.0963710919e7     1.92736465661e-14
3.26334831895e7    1.60176383464e-14
3.43933008504e7    1.50088931185e-14
3.62480197568e7    1.62967665675e-14
3.82027576243e7    1.52702103599e-14
4.02629081504e7    1.28357203725e-14
4.24341558971e7    1.04603378957e-14
4.47224919763e7    1.09702765027e-14
4.71342305811e7    9.21876569579e-15
4.96760264086e7    7.7592962817e-15
5.23548930221e7    1.00385184477e-14
5.51782222033e7    7.84198914064e-15
5.81538043489e7    7.24269800871e-15
6.12898499664e7    5.99187954527e-15
6.45950123292e7    7.1045556424e-15
6.80784113535e7    5.46125170211e-15
7.1749658763e7     5.627779955e-15
7.56188846106e7    4.59292110755e-15
7.96967652297e7    4.21441890356e-15
8.3994552694e7     4.0914080316e-15
8.85241058645e7    3.04418891075e-15
9.32979231126e7    2.93583586402e-15
9.83291768057e7    3.19376239531e-15
1.03631749655e8    2.76684828294e-15
1.09220273019e8    2.14647614384e-15
1.15110167281e8    2.04008814359e-15
1.21317684393e8    2.12315307095e-15
1.27859952723e8    2.45314437511e-15
1.34755024316e8    1.62336591111e-15
1.42021924705e8    1.53485032384e-15
1.49680705408e8    1.32194103423e-15
1.57752499257e8    1.51907189957e-15
1.66259578707e8    1.46904061777e-15
1.75225417297e8    1.24747712822e-15
1.84674754415e8    1.1376608627e-15
1.94633663565e8    1.18685181305e-15
2.05129624311e8    9.2836866256e-16
2.16191598098e8    7.35258937809e-16
2.27850108171e8    9.28437216966e-16
2.40137323791e8    7.85679696673e-16
2.53087149005e8    7.64215126938e-16
2.66735316195e8    6.22829320182e-16
2.81119484673e8    4.89591766596e-16
2.96279344596e8    5.42520797151e-16
3.12256726482e8    5.67852772831e-16
3.29095716632e8    3.82959872398e-16
3.46842778779e8    5.39483954654e-16
3.65546882294e8    3.23065582749e-16
3.85259637307e8    4.45100965699e-16
4.06035437115e8    3.54635208544e-16
4.27931608266e8    3.78358319357e-16
4.51008568745e8    2.76229238207e-16
4.75329994683e8    2.91632646386e-16
5.00962996056e8    2.05763385713e-16
5.27978301862e8    2.538897083e-16
5.56450455288e8    1.71718791731e-16
5.86458019388e8    1.47906140157e-16
6.18083793869e8    1.43375366171e-16
6.51415043556e8    1.32444563147e-16
6.86543739183e8    1.26238421323e-16
7.23566811166e8    1.1058826124e-16
7.62586417063e8    1.22214968934e-16
8.03710223459e8    1.10212905001e-16
8.47051703044e8    1.0269738727e-16
8.92730447726e8    8.45096548881e-17
9.40872498613e8    9.49937870314e-17
9.91610693799e8    7.19829911932e-17
1.04508503491e9    7.37347923525e-17
1.1014430734e9     5.56335252342e-17
1.16084031768e9    5.67890535821e-17
1.22344066227e9    7.14621072672e-17
1.28941683992e9    5.88665056463e-17
1.35895089836e9    4.24803242864e-17
1.43223470252e9    5.59393755092e-17
1.50947046401e9    4.26806493115e-17
1.59087129902e9    3.08415253622e-17
1.67666181645e9    3.20002101135e-17
1.76707873758e9    2.71890892144e-17
1.86237154934e9    2.83363466566e-17
1.96280319265e9    2.75287602654e-17
2.06865078799e9    2.45316242635e-17
2.18020640005e9    1.98370579758e-17
2.29777784362e9    2.21824247011e-17
2.42168953293e9    1.5803866932e-17
2.55228337681e9    2.11048491371e-17
2.68991972216e9    1.41081012601e-17
2.83497834817e9    1.34736508957e-17
2.98785951431e9    1.13203101566e-17
3.14898506475e9    1.31191201664e-17
3.31879959232e9    1.10016222543e-17
3.49777166531e9    8.9956185232e-18
3.68639512039e9    8.59660761953e-18
3.8851904252e9     7.9081508004e-18
4.09470611454e9    9.15408840675e-18
4.3155203039e9     6.7242739617e-18
4.54824228465e9    5.63310090954e-18
4.79351420528e9    5.42840709126e-18
5.05201284323e9    4.99429901386e-18
5.32445147238e9    4.26486585795e-18
5.61158183113e9    4.12914063566e-18
5.9141961967e9     2.82792651784e-18
6.23312957125e9    3.53178159876e-18
6.56926198587e9    2.37282819305e-18
6.92352092889e9    2.2557321018e-18
7.29688390505e9    2.59511265099e-18
7.69038113276e9    2.40271911886e-18
8.10509838674e9    1.79723932676e-18
8.54217999403e9    1.73373950261e-18
9.00283199151e9    1.77136348063e-18
9.48832545369e9    1.42818437693e-18
1.e10              0.
